CLUSTER-1 Size: 4705	52 56 15 21 4 0 0 8 1 6 34 121 26 1 0 0 1 2 121 121 0 0 0 0 24 10 40 28 5 1 2 15 121 13 0 0 4 3 0 23 11 9 24 38 16 7 4 2 4 3 98 121 46 20 16 14 11 9 95 119 51 3 10 23 121 43 0 1 10 6 0 0 27 6 0 0 37 45 12 2 12 0 0 1 115 121 63 28 84 2 3 31 69 25 25 115 38 18 0 1 28 16 0 0 6 1 0 0 34 121 60 1 13 0 4 9 78 99 51 18 75 0 1 3 18 10 14 56 

CLUSTER-2 Size: 265	1 15 2 0 21 123 5 0 15 111 54 16 7 38 0 0 0 16 72 71 7 1 0 0 0 0 36 12 2 1 0 0 77 123 3 0 1 42 11 2 45 123 80 15 0 0 0 0 0 16 123 123 2 0 0 0 0 0 65 123 45 1 0 0 123 43 0 3 3 0 0 50 123 47 2 0 0 0 0 34 12 12 31 44 0 1 1 0 0 0 81 123 5 9 1 0 76 0 0 4 5 0 0 75 123 3 0 0 0 0 0 121 15 2 0 0 0 26 8 7 0 0 0 1 0 94 16 0 

CLUSTER-3 Size: 5030	31 2 2 0 8 112 53 12 14 0 1 26 90 62 15 9 39 7 0 16 41 23 9 6 96 14 0 1 0 0 3 14 37 8 15 29 24 50 29 15 14 3 15 43 35 125 90 24 99 26 10 4 8 37 44 125 125 39 11 18 2 0 1 21 0 17 77 61 24 7 4 3 0 17 86 125 38 24 2 1 77 82 125 31 1 1 0 29 125 10 16 7 8 22 8 58 9 22 45 15 6 50 14 10 36 16 43 125 15 12 11 16 7 79 76 76 5 0 0 0 18 4 15 34 19 29 14 12 

CLustering Time 0.321482
CLUSTER-1	Silhoutete	-0.049466

CLUSTER-2	Silhoutete	0.202516

CLUSTER-3	Silhoutete	-0.0263195

